name  reqid                  shfilename                       midtime Sub-Obs_Lon_(deg_RHR) Sub-Obs_Lat_(deg) flux_(photons/s) flux_err_(ph/s) fwhm      mag         max           skymean          skyerr       skysig       xcen         ycen
Blue APMV_PC_COLOR_099_SCI1 mc1_0290860851_0x536_sci_3        2457121.7        173.85783        43.175089       9699.89       388.445       2.06020       14.0331       30.0508     -0.170028      0.409500      0.410977       2542.08       514.411
Blue APMV_PC_COLOR_102_SCI1 mc1_0291114231_0x536_sci_9        2457124.6        8.5596114        43.173434       9607.20       426.447       1.83834       14.0435       37.8761     -0.611766      0.967470      0.968928       2558.60       524.057
Blue APMV_PC_COLOR_103_SCI1 mc1_0291201831_0x536_sci_9        2457125.6        311.41311        43.173624       9713.05       389.343       1.55186       14.0316       44.2415      0.130366      0.362058      0.337632       2536.84       510.827
Blue APMV_PC_COLOR_103_SCI3 mc1_0291267591_0x536_sci_9        2457126.4        268.51344        43.174101       10715.6       432.245       2.00562       13.9250       30.1449     -0.259925       1.03288       1.02707       2514.58       537.516
Blue APMV_PC_COLOR_104_SCI1 mc1_0291308091_0x536_sci_9        2457126.9        242.09215        43.174407       11500.3       397.423       2.02995       13.8482       37.0626     -0.549167      0.503549      0.504186       2541.43       523.889
Blue APMV_PC_COLOR_105_SCI1 mc1_0291374031_0x536_sci_9        2457127.6        199.07381        43.174718       11307.1       393.553       1.98419       13.8666       36.1306      -1.16656      0.415122      0.417439       2539.49       514.660
Blue APMV_PC_COLOR_105_SCI3 mc1_0291440511_0x536_sci_9        2457128.4        155.70292        43.174631       10119.5       393.630       1.77229       13.9871       32.2896     -0.270519      0.503276      0.503971       2521.11       520.460
Blue APMV_PC_COLOR_106_SCI1 mc1_0291481191_0x536_sci_9        2457128.9        129.16383        43.174374       9643.28       393.798       1.65803       14.0394       39.0737      0.447925      0.500579      0.501009       2549.75       511.053
Blue APMV_PC_COLOR_107_SCI1 mc1_0291547071_0x536_sci_9        2457129.6        86.185175        43.173765       10372.0       402.013       1.71729       13.9603       33.2729     -0.266807      0.613610      0.613426       2498.45       510.034
Blue APMV_PC_COLOR_107_SCI3 mc1_0291608871_0x536_sci_9        2457130.4        45.869007        43.173214       10622.4       395.362       1.87091       13.9344       28.1634      -1.36398      0.491463      0.490049       2488.53       517.315
Blue APMV_PC_COLOR_108_SCI1 mc1_0291651651_0x536_sci_9        2457130.9        17.961169        43.172977       11001.5       397.035       1.74467       13.8964       35.3168     -0.188705      0.485015      0.489840       2520.61       520.219
Blue APMV_PC_COLOR_110_SCI1 mc1_0291821811_0x536_sci_9        2457132.8        266.95554        43.173666       11806.6       416.914       1.67248       13.8197       35.1630     -0.572131      0.924061      0.927016       2510.03       518.544
Blue APMV_PC_COLOR_112_SCI1 mc1_0291999771_0x536_sci_9        2457134.9        150.85680        43.174169       12184.5       409.395       1.80167       13.7855       45.2095     -0.385051      0.704733      0.704531       2510.16       521.774
Blue APMV_PC_COLOR_115_SCI1 mc1_0292233831_0x536_sci_6        2457137.6        358.16345        43.172347       13370.9       399.718       1.96083       13.6846       39.2783      0.451984      0.507905      0.508463       2524.02       518.463
Blue APMV_PC_COLOR_117_SCI1 mc1_0292406151_0x536_sci_6        2457139.6        245.74814        43.173433       15340.3       405.160       1.81172       13.5354       47.8495    -0.0712637      0.485793      0.478259       2562.79       520.227
Blue APMV_PC_COLOR_118_SCI1 mc1_0292546431_0x536_sci_6        2457141.2        154.23088        43.173711       14365.6       399.129       1.79227       13.6067       50.2677      -1.14860      0.399713      0.399704       2531.20       532.888
Blue APMV_PC_COLOR_121_SCI1 mc1_0292750971_0x536_sci_9        2457143.6        20.794864        43.171783       15156.2       407.917       1.65745       13.5485       59.3186     -0.297852      0.530356      0.528973       2533.73       530.794
Blue APMV_PC_COLOR_123_SCI1 mc1_0292922721_0x536_sci_6        2457145.6        268.75250        43.172517       17334.5       435.698       1.94356       13.4027       56.8142     -0.480440      0.910411      0.910753       2558.80       510.607
Blue APMV_PC_COLOR_125_SCI1 mc1_0293095431_0x536_sci_6        2457147.6        156.07850        43.173162       16986.3       407.877       1.86082       13.4248       51.5714     -0.152041      0.497860      0.505431       2525.15       523.583
Blue APMV_PC_COLOR_128_SCI1 mc1_0293372991_0x536_sci_12        2457150.8        335.00792        43.170960       18855.0       408.260       1.94826       13.3114       50.2614      -1.14699      0.389888      0.391915       2526.54       513.209
Blue APMV_PC_COLOR_129_SCI1 mc1_0293447151_0x536_sci_27        2457151.6        286.62913        43.171514       20547.0       413.872       1.76797       13.2181       69.3390     -0.271584      0.469065      0.470530       2499.98       515.042
Blue APMV_PC_COLOR_129_SCI3 mc1_0293507751_0x536_sci_27        2457152.3        247.09530        43.172146       20633.3       430.489       1.83257       13.2136       69.9875     -0.427902      0.578425      0.907204       2546.19       532.031
Blue APMV_PC_COLOR_130_SCI1 mc1_0293545311_0x536_sci_12        2457152.8        222.59168        43.172461       22105.8       415.980       1.92767       13.1387       62.9974     -0.256726      0.452149      0.452630       2550.64       512.255
Blue APMV_PC_COLOR_131_SCI1 mc1_0293609391_0x536_sci_12        2457153.5        180.78625        43.172645       21424.4       445.967       1.84330       13.1727       64.8774    -0.0598794      0.944204      0.942046       2555.68       518.611
Blue APMV_PC_COLOR_131_SCI3 mc1_0293679471_0x536_sci_27        2457154.3        135.06646        43.172212       19019.7       410.708       1.94986       13.3020       53.2735     -0.389703      0.493706      0.492672       2505.96       513.520
Blue APMV_PC_COLOR_132_SCI1 mc1_0293722551_0x536_sci_12        2457154.8        106.96174        43.171683       19465.0       457.418       2.07276       13.2769       42.8665     -0.120522      0.921920      0.925904       2564.34       530.451
Blue APMV_PC_COLOR_133_SCI1 mc1_0293790651_0x536_sci_32        2457155.6        62.535408        43.170735       21131.2       413.094       1.77952       13.1877       74.9929      0.269065       0.00000      0.443797       2548.90       516.980
Blue APMV_PC_COLOR_133_SCI3 mc1_0293851401_0x536_sci_21        2457156.3        22.904975        43.170121       22502.4       440.550       2.18749       13.1194       50.2671     -0.453759      0.946731      0.945915       2532.50       514.276
Blue APMV_PC_COLOR_134_SCI1 mc1_0293873631_0x536_sci_9        2457156.6        8.4033129        43.170009       22157.4       418.765       2.04809       13.1362       61.0969     -0.156110      0.515478      0.512559       2538.80       522.582
Blue APMV_PC_COLOR_134_SCI2 mc1_0293938611_0x536_sci_9        2457157.3        326.01383        43.170092       22311.8       435.043       1.79416       13.1287       78.8740     -0.409936      0.529171      0.899226       2524.89       531.934
Blue APMV_PC_COLOR_149_SCI2 mc1_0295205391_0x536_sci_9        2457172.0        219.60416        43.169460       41843.0       483.024       2.18257       12.4459       92.3336     -0.882075       1.04892       1.05166       2540.21       528.190
Blue APMV_PC_COLOR_149_SCI3 mc1_0295230351_0x536_sci_9        2457172.3        203.32027        43.169614       43269.5       538.223       2.22422       12.4095       94.3409     -0.328521      0.473264      0.474694       2540.33       517.074
Blue APMV_PC_COLOR_150_SCI1 mc1_0295270911_0x536_sci_9        2457172.7        176.85876        43.169617       43028.3       538.875       2.14454       12.4156       99.3619     -0.505437      0.505130      0.504009       2540.99       535.977
Blue APMV_PC_COLOR_151_SCI1 mc1_0295341171_0x536_sci_9        2457173.6        131.02109        43.168867       38744.2       528.345       2.10630       12.5295       88.5606      -1.35695      0.483952      0.484253       2502.21       537.265
Blue APMV_PC_COLOR_151_SCI3 mc1_0295403751_0x536_sci_9        2457174.3        90.195039        43.167632       41206.3       530.372       2.23289       12.4626       90.6423      -1.15313      0.404623      0.404912       2524.32       511.828
Blue APMV_PC_COLOR_152_SCI1 mc1_0295444491_0x536_sci_9        2457174.8        63.617859        43.166779       43435.4       541.808       2.16268       12.4054       103.552     -0.463273      0.505583      0.503271       2510.93       523.703
Blue APMV_PC_COLOR_153_SCI1 mc1_0295514391_0x536_sci_9        2457175.6        18.019195        43.165720       43656.3       543.039       2.02602       12.3999       99.6416      -1.30394      0.473695      0.473040       2504.96       529.567
Blue APMV_PC_COLOR_153_SCI3 mc1_0295574631_0x536_sci_9        2457176.3        338.72274        43.165548       49040.3       544.350       2.15592       12.2736       105.996     -0.865178      0.408806      0.408505       2551.00       513.047
Blue APMV_PC_COLOR_154_SCI1 mc1_0295611591_0x536_sci_9        2457176.7        314.61237        43.165807       49194.1       539.910       2.43503       12.2702       90.9876      0.153567      0.386868      0.388299       2487.38       533.362
Blue APMV_PC_COLOR_157_SCI1 mc1_0295859091_0x536_sci_9        2457179.6        153.14699        43.167642       52435.1       550.393       2.29646       12.2009       105.182      0.174395      0.450978      0.450779       2554.15       531.844
Blue APMV_PC_COLOR_159_SCI1 mc1_0296032491_0x536_sci_9        2457181.6        40.025780        43.163786       62148.9       616.132       2.37858       12.0164       114.001     -0.270679       1.03447       1.03653       2516.84       526.515
Blue APMV_PC_COLOR_161_SCI1 mc1_0296204931_0x536_sci_9        2457183.6        287.53798        43.163900       73012.7       611.825       2.62264       11.8415       109.584     -0.230314       1.03333       1.03607       2531.49       521.224
Blue APMV_PC_COLOR_163_SCI1 mc1_0296376951_0x536_sci_6        2457185.5        175.31294        43.165698       82614.8       594.249       2.62095       11.7074       122.568     -0.268750      0.464905      0.462707       2510.29       519.715
Blue APMV_PC_COLOR_167_SCI2 mc1_0296787411_0x536_sci_6        2457190.3        267.54918        43.161103       114406.       651.707       3.03463       11.3539       121.648     -0.136288      0.493428      0.499185       2531.71       516.549
Blue APMV_PC_COLOR_168_SCI1 mc1_0296826411_0x536_sci_6        2457190.7        242.10650        43.161907       122484.       681.976       3.09753       11.2798       126.034     -0.609869       1.05594       1.05281       2499.49       504.360
Blue APMV_PC_COLOR_169_SCI2 mc1_0296962191_0x536_sci_9        2457192.3        153.52185        43.161989       126283.       647.152       3.09025       11.2466       133.653      0.119044      0.384175      0.385592       2500.32       520.960
Blue APMV_PC_COLOR_170_SCI1 mc1_0297006951_0x536_sci_9        2457192.8        124.32009        43.160705       122338.       728.206       2.90756       11.2811       141.798     -0.164906      0.964656      0.969261       2543.15       529.993
Blue APMV_PC_COLOR_171_SCI1 mc1_0297067911_0x536_sci_6        2457193.5        84.551262        43.158299       129891.       672.404       3.17906       11.2160       136.570     -0.197183      0.532679      0.533531       2562.75       520.496
Blue APMV_PC_COLOR_172_SCI1 mc1_0297172071_0x536_sci_3        2457194.7        16.605790        43.154713       154251.       719.002       3.35365       11.0294       131.172     -0.239487       1.03551       1.03452       2519.61       523.827
Blue APMV_PC_COLOR_173_SCI1 mc1_0297239151_0x536_sci_9        2457195.5        332.85029        43.154172       165966.       702.060       3.43394       10.9500       126.692     -0.252756      0.445221      0.448731       2536.97       523.860
Blue APMV_PC_COLOR_174_SCI1 mc1_0297334971_0x536_sci_6        2457196.6        270.34522        43.155873       190900.       802.366       3.64354       10.7980       137.626     -0.509779      0.961488      0.968717       2491.97       509.439
Blue PEMV_01_PC_VISUV_MAP_B_6 mc1_0297687041_0x536_sci_27        2457200.7        40.661818        43.147404       268889.       899.687       4.25518       10.4261       143.280       1.43126      0.499143      0.498504       2550.52       500.639
Blue PEMV_01_PC_VISUV_MAP_B_9 mc1_0297789521_0x536_sci_27        2457201.9        333.81875        43.144650       313113.       939.882       4.68733       10.2607       131.382     -0.169238      0.501181      0.505463       2541.78       537.227
Blue PEMV_01_PC_VISUV_MAP_B_12 mc1_0297857621_0x536_sci_9        2457202.7        289.39928        43.145571       360616.       976.736       4.97969       10.1074       137.256      -1.16104      0.427486      0.429058       2572.29       540.048
Blue PEMV_01_PC_VISUV_MAP_B_19 mc1_0298077102_0x536_sci_9        2457205.2        146.21056        43.145246       500853.       1169.52       5.46655       9.75072       165.431     0.0105597      0.955437      0.955287       2513.42       507.447
Blue PEMV_01_PC_Multi_Map_A_3 mc1_0298165232_0x536_sci_9        2457206.2        88.716483        43.137208       553919.       1143.28       5.66970       9.64138       162.111    -0.0211738      0.552805      0.547401       2570.04       502.464
