name  reqid                  shfilename                       midtime Sub-Obs_Lon_(deg_RHR) Sub-Obs_Lat_(deg) flux_(photons/s) flux_err_(ph/s) fwhm      mag         max           skymean          skyerr       skysig       xcen         ycen
NIR APMV_PC_COLOR_099_SCI1 mc2_0290860851_0x536_sci_3        2457121.7        173.85783        43.175089       31704.9       433.197       2.31312       12.7472       70.7341      0.118902      0.404466      0.403745       2543.92       209.566
NIR APMV_PC_COLOR_102_SCI1 mc2_0291114231_0x536_sci_9        2457124.6        8.5596114        43.173434       29928.8       558.072       2.32024       12.8098       72.7871      -2.33125      0.419056       1.83500       2555.69       218.963
NIR APMV_PC_COLOR_103_SCI1 mc2_0291201831_0x536_sci_9        2457125.6        311.41311        43.173624       33411.0       442.759       2.12218       12.6903       85.6714       1.77986      0.471061      0.471074       2537.98       205.736
NIR APMV_PC_COLOR_103_SCI3 mc2_0291267591_0x536_sci_9        2457126.4        268.51344        43.174101       31989.8       558.440       2.51052       12.7375       70.7677      -1.58295      0.395045       1.82723       2515.10       232.305
NIR APMV_PC_COLOR_104_SCI1 mc2_0291308091_0x536_sci_9        2457126.9        242.09215        43.174407       35520.0       445.143       2.29715       12.6238       73.8787      0.537749      0.499964      0.498726       2544.93       219.419
NIR APMV_PC_COLOR_105_SCI1 mc2_0291374031_0x536_sci_9        2457127.6        199.07381        43.174718       37619.8       446.627       2.29661       12.5615       79.9781      -1.16401      0.418976      0.422195       2541.51       209.967
NIR APMV_PC_COLOR_105_SCI3 mc2_0291440511_0x536_sci_9        2457128.4        155.70292        43.174631       34667.4       442.830       2.10083       12.6502       91.8242      0.469518      0.499845      0.499992       2524.91       216.015
NIR APMV_PC_COLOR_106_SCI1 mc2_0291481191_0x536_sci_9        2457128.9        129.16383        43.174374       30511.9       431.230       2.10577       12.7888       79.7184     -0.167511      0.385593      0.372928       2548.82       207.095
NIR APMV_PC_COLOR_107_SCI1 mc2_0291547071_0x536_sci_9        2457129.6        86.185175        43.173765       34382.8       467.054       2.04184       12.6591       88.0432      0.248767      0.882401      0.883880       2501.92       205.177
NIR APMV_PC_COLOR_107_SCI3 mc2_0291608871_0x536_sci_9        2457130.4        45.869007        43.173214       33045.1       438.543       2.32371       12.7022       68.9712      -3.83875      0.436886      0.438248       2491.89       212.491
NIR APMV_PC_COLOR_108_SCI1 mc2_0291651651_0x536_sci_9        2457130.9        17.961169        43.172977       36240.9       447.686       2.37939       12.6020       75.7981      0.396896      0.491889      0.493543       2521.59       215.603
NIR APMV_PC_COLOR_110_SCI1 mc2_0291821811_0x536_sci_9        2457132.8        266.95554        43.173666       36327.0       548.980       2.03580       12.5994       79.8197      -2.38257      0.359660       1.90752       2504.57       214.014
NIR APMV_PC_COLOR_112_SCI1 mc2_0291999771_0x536_sci_9        2457134.9        150.85680        43.174169       39384.2       463.674       2.21008       12.5117       94.6891      0.164435      0.733889      0.732880       2515.14       216.823
NIR APMV_PC_COLOR_115_SCI1 mc2_0292233831_0x536_sci_6        2457137.6        358.16345        43.172347       36760.5       445.133       2.35851       12.5865       73.7059      -1.35932      0.485225      0.486496       2527.30       214.297
NIR APMV_PC_COLOR_117_SCI1 mc2_0292406151_0x536_sci_6        2457139.6        245.74814        43.173433       46952.6       489.167       2.34171       12.3209       93.7239      0.324123      0.512138      0.986847       2554.40       215.024
NIR APMV_PC_COLOR_118_SCI1 mc2_0292546431_0x536_sci_6        2457141.2        154.23088        43.173711       40934.7       452.914       2.18346       12.4698       95.7549      -5.21638      0.431263      0.430323       2530.76       227.844
NIR APMV_PC_COLOR_121_SCI1 mc2_0292750971_0x536_sci_9        2457143.6        20.794864        43.171783       49576.2       469.967       2.18657       12.2618       120.450      0.158994      0.428340      0.429255       2533.05       225.885
NIR APMV_PC_COLOR_123_SCI1 mc2_0292922721_0x536_sci_6        2457145.6        268.75250        43.172517       47623.9       585.010       2.31729       12.3054       106.689      -3.62247      0.375151       1.87417       2557.05       205.973
NIR APMV_PC_COLOR_125_SCI1 mc2_0293095431_0x536_sci_6        2457147.6        156.07850        43.173162       55307.6       510.402       2.28829       12.1430       125.769    -0.0142446       1.00987       1.00923       2529.94       218.762
NIR APMV_PC_COLOR_128_SCI1 mc2_0293372991_0x536_sci_12        2457150.8        335.00792        43.170960       53114.2       474.385       2.33797       12.1870       102.808      -5.14892      0.411639      0.410208       2527.59       209.134
NIR APMV_PC_COLOR_129_SCI1 mc2_0293447151_0x536_sci_27        2457151.6        286.62913        43.171514       63274.2       491.005       2.46275       11.9969       113.760      0.102563      0.369547      0.378027       2507.44       210.040
NIR APMV_PC_COLOR_129_SCI3 mc2_0293507751_0x536_sci_27        2457152.3        247.09530        43.172146       60079.6       574.343       2.69156       12.0532       100.899      -3.67676      0.391497       1.83939       2539.54       227.541
NIR APMV_PC_COLOR_130_SCI1 mc2_0293545311_0x536_sci_12        2457152.8        222.59168        43.172461       68833.6       500.309       2.48891       11.9055       119.810      0.105648      0.385605      0.388637       2549.41       207.714
NIR APMV_PC_COLOR_131_SCI1 mc2_0293609391_0x536_sci_12        2457153.5        180.78625        43.172645       58418.7       601.501       2.14617       12.0836       131.791      -3.01785       1.86024       1.86241       2549.90       214.165
NIR APMV_PC_COLOR_131_SCI3 mc2_0293679471_0x536_sci_27        2457154.3        135.06646        43.172212       65125.3       495.082       2.28734       11.9656       141.798     -0.761075      0.441179      0.444371       2512.04       208.834
NIR APMV_PC_COLOR_132_SCI1 mc2_0293722551_0x536_sci_12        2457154.8        106.96174        43.171683       58275.6       588.674       2.19060       12.0863       120.648      -2.93193      0.499529       1.86118       2557.17       224.909
NIR APMV_PC_COLOR_133_SCI1 mc2_0293790651_0x536_sci_32        2457155.6        62.535408        43.170735       68340.2       498.800       2.29803       11.9133       143.597      0.865806      0.385463      0.386090       2551.24       212.017
NIR APMV_PC_COLOR_133_SCI3 mc2_0293851401_0x536_sci_21        2457156.3        22.904975        43.170121       63740.3       584.448       2.54381       11.9890       110.036      -3.65900      0.406742       1.83818       2534.43       209.906
NIR APMV_PC_COLOR_134_SCI1 mc2_0293873631_0x536_sci_9        2457156.6        8.4033129        43.170009       71855.6       535.226       2.54877       11.8588       127.024    -0.0142514      0.990785      0.985300       2531.49       217.694
NIR APMV_PC_COLOR_134_SCI2 mc2_0293938611_0x536_sci_9        2457157.3        326.01383        43.170092       65541.6       582.036       2.28594       11.9587       125.759      -3.62034      0.364666       1.81622       2524.94       227.583
NIR APMV_PC_COLOR_149_SCI2 mc2_0295205391_0x536_sci_9        2457172.0        219.60416        43.169460       150671.       691.901       2.67964       11.0549       231.768     -0.109341      0.502826       1.75699       2540.35       223.807
NIR APMV_PC_COLOR_149_SCI3 mc2_0295230351_0x536_sci_9        2457172.3        203.32027        43.169614       145696.       677.834       2.56042       11.0914       243.086      0.234730      0.441336      0.440811       2543.92       212.798
NIR APMV_PC_COLOR_150_SCI1 mc2_0295270911_0x536_sci_9        2457172.7        176.85876        43.169617       146050.       675.717       2.52510       11.0887       244.755      0.147962      0.407875      0.409338       2539.89       231.043
NIR APMV_PC_COLOR_151_SCI1 mc2_0295341171_0x536_sci_9        2457173.6        131.02109        43.168867       127844.       653.293       2.58823       11.2333       207.531      -3.31068      0.477215      0.472717       2504.81       232.656
NIR APMV_PC_COLOR_151_SCI3 mc2_0295403751_0x536_sci_9        2457174.3        90.195039        43.167632       144282.       675.614       2.71368       11.1020       215.041      -1.18602      0.431298      0.429031       2531.80       207.483
NIR APMV_PC_COLOR_152_SCI1 mc2_0295444491_0x536_sci_9        2457174.8        63.617859        43.166779       148313.       684.743       2.68536       11.0720       219.686     -0.296814      0.460802      0.462373       2512.47       218.893
NIR APMV_PC_COLOR_153_SCI1 mc2_0295514391_0x536_sci_9        2457175.6        18.019195        43.165720       143564.       681.287       2.74724       11.1074       194.981      -3.32280      0.469352      0.469993       2507.43       224.561
NIR APMV_PC_COLOR_153_SCI3 mc2_0295574631_0x536_sci_9        2457176.3        338.72274        43.165548       160355.       698.294       2.63191       10.9873       249.604     -0.290958      0.463181      0.464448       2549.80       209.086
NIR APMV_PC_COLOR_154_SCI1 mc2_0295611591_0x536_sci_9        2457176.7        314.61237        43.165807       169176.       706.062       2.74183       10.9292       241.890       1.73137      0.484351      0.488986       2491.31       228.573
NIR APMV_PC_COLOR_157_SCI1 mc2_0295859091_0x536_sci_9        2457179.6        153.14699        43.167642       196993.       736.991       2.70677       10.7639       279.014      0.842828      0.385323      0.386105       2548.96       227.027
NIR APMV_PC_COLOR_159_SCI1 mc2_0296032491_0x536_sci_9        2457181.6        40.025780        43.163786       206095.       869.639       2.81740       10.7148       277.818     -0.164544      0.489072       1.76218       2516.20       221.584
NIR APMV_PC_COLOR_161_SCI1 mc2_0296204931_0x536_sci_9        2457183.6        287.53798        43.163900       227061.       854.115       2.95553       10.6096       268.052      -1.36261      0.333223       1.75789       2532.13       216.393
NIR APMV_PC_COLOR_163_SCI1 mc2_0296376951_0x536_sci_6        2457185.5        175.31294        43.165698       277778.       827.076       2.95504       10.3908       320.998      0.488170      0.500215      0.500372       2512.89       215.081
NIR APMV_PC_COLOR_167_SCI2 mc2_0296787411_0x536_sci_6        2457190.3        267.54918        43.161103       383178.       936.418       3.27170       10.0415       354.068      0.551183    0.00128518      0.496434       2531.80       211.969
NIR APMV_PC_COLOR_168_SCI1 mc2_0296826411_0x536_sci_6        2457190.7        242.10650        43.161907       382367.       997.186       3.36935       10.0438       337.407      -1.97547      0.477950       1.71282       2494.82       199.573
NIR APMV_PC_COLOR_169_SCI2 mc2_0296962191_0x536_sci_9        2457192.3        153.52185        43.161989       432656.       967.262       3.45756       9.90964       364.695       1.84875      0.441157      0.439057       2506.46       216.108
NIR APMV_PC_COLOR_170_SCI1 mc2_0297006951_0x536_sci_9        2457192.8        124.32009        43.160705       397083.       1153.56       3.39237       10.0028       350.904      -1.44089      0.341560       1.88107       2542.09       224.590
NIR APMV_PC_COLOR_171_SCI1 mc2_0297067911_0x536_sci_6        2457193.5        84.551262        43.158299       450092.       991.689       3.47265       9.86675       382.305      0.579294      0.493102      0.494227       2554.79       215.799
NIR APMV_PC_COLOR_172_SCI1 mc2_0297172071_0x536_sci_3        2457194.7        16.605790        43.154713       475981.       1081.34       3.59911       9.80603       350.141      -1.58073      0.374340       1.80858       2520.67       218.926
NIR APMV_PC_COLOR_173_SCI1 mc2_0297239151_0x536_sci_9        2457195.5        332.85029        43.154172       554447.       1073.12       3.71422       9.64035       400.017      0.351809      0.481008      0.480853       2536.35       218.742
NIR APMV_PC_COLOR_174_SCI1 mc2_0297334971_0x536_sci_6        2457196.6        270.34522        43.155873       593028.       1273.79       3.90298       9.56731       382.328      -2.25691      0.476084       1.81049       2495.51       204.758
NIR PEMV_01_PC_VISUV_MAP_B_6 mc2_0297687041_0x536_sci_27        2457200.7        40.661818        43.147404       889478.       1352.30       4.46004       9.12716       424.136     0.0838013      0.380263      0.378014       2549.92       196.101
NIR PEMV_01_PC_VISUV_MAP_B_9 mc2_0297789521_0x536_sci_27        2457201.9        333.81875        43.144650   1.11530e+06       1539.91       4.82972       8.88152       453.789     -0.683635      0.878991      0.878494       2545.42       232.869
NIR PEMV_01_PC_VISUV_MAP_B_12 mc2_0297857621_0x536_sci_9        2457202.7        289.39928        43.145571   1.17138e+06       1530.95       5.08403       8.82826       431.780      -3.35375      0.490009      0.486670       2566.50       235.287
NIR PEMV_01_PC_VISUV_MAP_B_19 mc2_0298077102_0x536_sci_9        2457205.2        146.21056        43.145246   1.52786e+06       1956.62       5.76624       8.53979       433.362      -1.82483       1.92546       1.92193       2518.34       202.781
NIR PEMV_01_PC_Multi_Map_A_3 mc2_0298165232_0x536_sci_9        2457206.2        88.716483        43.137208   1.97095e+06       1963.46       6.03416       8.26331       512.654      0.815554      0.942624      0.938392       2564.51       197.555
