name  reqid                  shfilename                       midtime Sub-Obs_Lon_(deg_RHR) Sub-Obs_Lat_(deg) flux_(photons/s) flux_err_(ph/s) fwhm      mag         max           skymean          skyerr       skysig       xcen         ycen
CH4 APMV_PC_COLOR_099_SCI1 mc3_0290860851_0x536_sci_3        2457121.7        173.85783        43.175089       6789.98       384.527       2.40478       14.4203       15.9528     -0.123560      0.463879      0.465456       2543.29       311.195
CH4 APMV_PC_COLOR_102_SCI1 mc3_0291114231_0x536_sci_9        2457124.6        8.5596114        43.173434       6761.48       380.166       2.28276       14.4249       13.8933      -1.11770      0.359572      0.327677       2556.78       320.598
CH4 APMV_PC_COLOR_103_SCI1 mc3_0291201831_0x536_sci_9        2457125.6        311.41311        43.173624       7771.06       389.591       2.51095       14.2738       10.9445      -2.77254      0.453328      0.451913       2537.61       307.322
CH4 APMV_PC_COLOR_103_SCI3 mc3_0291267591_0x536_sci_9        2457126.4        268.51344        43.174101       7750.98       383.022       2.05578       14.2766       19.9038      -1.09230      0.382357      0.385840       2514.88       333.926
CH4 APMV_PC_COLOR_104_SCI1 mc3_0291308091_0x536_sci_9        2457126.9        242.09215        43.174407       7698.16       388.617       2.10290       14.2840       19.8650     -0.608444      0.494702      0.493098       2543.72       320.831
CH4 APMV_PC_COLOR_105_SCI1 mc3_0291374031_0x536_sci_9        2457127.6        199.07381        43.174718       8821.49       392.391       2.32025       14.1361       16.9161     -0.501862      0.508376      0.507087       2540.85       311.394
CH4 APMV_PC_COLOR_105_SCI3 mc3_0291440511_0x536_sci_9        2457128.4        155.70292        43.174631       8343.19       404.285       2.60893       14.1967       14.9656     -0.165960      0.740515      0.740067       2523.68       317.443
CH4 APMV_PC_COLOR_106_SCI1 mc3_0291481191_0x536_sci_9        2457128.9        129.16383        43.174374       7123.71       381.983       2.23099       14.3682       14.9430      -1.05395      0.355058      0.353800       2549.18       308.429
CH4 APMV_PC_COLOR_107_SCI1 mc3_0291547071_0x536_sci_9        2457129.6        86.185175        43.173765       7715.64       636.020       1.37582       14.2816       21.9666      0.285631      0.492942       2.58199       2500.87       306.709
CH4 APMV_PC_COLOR_107_SCI3 mc3_0291608871_0x536_sci_9        2457130.4        45.869007        43.173214       7255.96       384.157       1.90850       14.3483       18.9205      -1.11643      0.402378      0.403727       2490.67       313.980
CH4 APMV_PC_COLOR_108_SCI1 mc3_0291651651_0x536_sci_9        2457130.9        17.961169        43.172977       8001.50       403.288       2.08068       14.2421       18.9257    -0.0468201      0.707200      0.703700       2521.39       317.274
CH4 APMV_PC_COLOR_110_SCI1 mc3_0291821811_0x536_sci_9        2457132.8        266.95554        43.173666       8932.81       386.228       2.51774       14.1225       14.9717     -0.732415      0.472151      0.471339       2506.21       315.495
CH4 APMV_PC_COLOR_112_SCI1 mc3_0291999771_0x536_sci_9        2457134.9        150.85680        43.174169       10246.4       591.080       2.08370       13.9736       17.9239      0.381093      0.441865       2.28857       2513.66       318.699
CH4 APMV_PC_COLOR_115_SCI1 mc3_0292233831_0x536_sci_6        2457137.6        358.16345        43.172347       9525.04       385.878       2.35138       14.0528       17.9237     -0.883507      0.381013      0.380476       2526.27       315.507
CH4 APMV_PC_COLOR_117_SCI1 mc3_0292406151_0x536_sci_6        2457139.6        245.74814        43.173433       10172.3       683.039       1.47939       13.9814       17.8628     -0.642667      0.445903       2.70509       2557.18       316.568
CH4 APMV_PC_COLOR_118_SCI1 mc3_0292546431_0x536_sci_6        2457141.2        154.23088        43.173711       11008.3       395.658       2.35522       13.8957       21.8596     -0.682648      0.476773      0.482323       2530.97       329.400
CH4 APMV_PC_COLOR_121_SCI1 mc3_0292750971_0x536_sci_9        2457143.6        20.794864        43.171783       10693.4       413.511       2.14249       13.9272       21.8652     -0.142094      0.767430      0.765632       2533.23       327.322
CH4 APMV_PC_COLOR_123_SCI1 mc3_0292922721_0x536_sci_6        2457145.6        268.75250        43.172517       12492.0       398.720       2.54056       13.7584       19.8877     -0.701146      0.474540      0.474905       2557.61       307.462
CH4 APMV_PC_COLOR_125_SCI1 mc3_0293095431_0x536_sci_6        2457147.6        156.07850        43.173162       12887.0       655.681       2.71416       13.7246       20.9013      0.539719      0.463815       2.68220       2528.35       320.208
CH4 APMV_PC_COLOR_128_SCI1 mc3_0293372991_0x536_sci_12        2457150.8        335.00792        43.170960       14118.6       402.161       2.43358       13.6255       23.8336     -0.673503      0.480487      0.480949       2527.24       310.358
CH4 APMV_PC_COLOR_129_SCI1 mc3_0293447151_0x536_sci_27        2457151.6        286.62913        43.171514       14380.9       400.411       2.32299       13.6055       28.8809     -0.131999      0.453532      0.453064       2504.99       311.578
CH4 APMV_PC_COLOR_129_SCI3 mc3_0293507751_0x536_sci_27        2457152.3        247.09530        43.172146       15256.7       396.843       2.28396       13.5413       32.7668     -0.731705      0.456508      0.456035       2541.80       328.934
CH4 APMV_PC_COLOR_130_SCI1 mc3_0293545311_0x536_sci_12        2457152.8        222.59168        43.172461       15874.4       402.549       2.25504       13.4983       34.8494     -0.135140      0.433785      0.436417       2549.83       309.057
CH4 APMV_PC_COLOR_131_SCI1 mc3_0293609391_0x536_sci_12        2457153.5        180.78625        43.172645       16832.0       407.104       2.55070       13.4347       28.8776     -0.644146      0.487591      0.486692       2551.82       315.514
CH4 APMV_PC_COLOR_131_SCI3 mc3_0293679471_0x536_sci_27        2457154.3        135.06646        43.172212       14900.7       401.950       2.21612       13.5670       33.9062       2.62846      0.485177      0.486426       2510.03       310.327
CH4 APMV_PC_COLOR_132_SCI1 mc3_0293722551_0x536_sci_12        2457154.8        106.96174        43.171683       15138.0       404.524       2.53137       13.5498       26.8554     -0.715278      0.463874      0.465102       2559.57       326.699
CH4 APMV_PC_COLOR_133_SCI1 mc3_0293790651_0x536_sci_31        2457155.6        62.535408        43.170735       14702.5       401.447       2.50003       13.5815       23.8900      -2.40212    0.00265806      0.490324       2550.52       313.648
CH4 APMV_PC_COLOR_133_SCI3 mc3_0293851401_0x536_sci_21        2457156.3        22.904975        43.170121       16434.5       403.992       2.45314       13.4606       30.7945     -0.679016      0.482202      0.482304       2533.75       311.224
CH4 APMV_PC_COLOR_134_SCI1 mc3_0293873631_0x536_sci_9        2457156.6        8.4033129        43.170009       15560.4       664.159       1.96641       13.5199       35.7613      0.456136      0.496254       2.71510       2533.97       319.318
CH4 APMV_PC_COLOR_134_SCI2 mc3_0293938611_0x536_sci_9        2457157.3        326.01383        43.170092       17209.7       403.366       2.33240       13.4106       34.8500     -0.703273      0.474754      0.475338       2524.95       328.898
CH4 APMV_PC_COLOR_149_SCI2 mc3_0295205391_0x536_sci_9        2457172.0        219.60416        43.169460       33365.7       436.513       2.64425       12.6918       52.7941     -0.844898      0.442391      0.441772       2540.29       325.231
CH4 APMV_PC_COLOR_149_SCI3 mc3_0295230351_0x536_sci_9        2457172.3        203.32027        43.169614       32809.3       522.495       2.52697       12.7100       53.8406     -0.201290      0.486782      0.486794       2542.73       314.162
CH4 APMV_PC_COLOR_150_SCI1 mc3_0295270911_0x536_sci_9        2457172.7        176.85876        43.169617       32812.5       521.022       2.53754       12.7099       53.7902       2.28761      0.479549      0.479998       2540.28       332.593
CH4 APMV_PC_COLOR_151_SCI1 mc3_0295341171_0x536_sci_9        2457173.6        131.02109        43.168867       30702.4       512.693       2.53606       12.7821       49.9017      -1.17298      0.454191      0.452869       2503.88       334.054
CH4 APMV_PC_COLOR_151_SCI3 mc3_0295403751_0x536_sci_9        2457174.3        90.195039        43.167632       32587.7       522.176       2.62386       12.7174       48.7181     -0.463437      0.508129      0.506217       2529.35       308.826
CH4 APMV_PC_COLOR_152_SCI1 mc3_0295444491_0x536_sci_9        2457174.8        63.617859        43.166779       33639.2       525.893       2.62877       12.6829       52.8544       2.40952      0.498293      0.497789       2511.95       320.424
CH4 APMV_PC_COLOR_153_SCI1 mc3_0295514391_0x536_sci_9        2457175.6        18.019195        43.165720       35672.6       526.324       2.79242       12.6192       46.8618      -1.11143      0.409529      0.409253       2506.59       326.166
CH4 APMV_PC_COLOR_153_SCI3 mc3_0295574631_0x536_sci_9        2457176.3        338.72274        43.165548       37065.5       526.032       2.63604       12.5776       56.7547       2.17943      0.418932      0.419052       2550.22       310.279
CH4 APMV_PC_COLOR_154_SCI1 mc3_0295611591_0x536_sci_9        2457176.7        314.61237        43.165807       37524.2       526.178       2.56150       12.5642       55.6403      -2.68064      0.478313      0.478829       2490.01       330.098
CH4 APMV_PC_COLOR_157_SCI1 mc3_0295859091_0x536_sci_9        2457179.6        153.14699        43.167642       46013.8       528.109       2.89566       12.3428       57.7343     -0.994909      -1.00000    0.00155170       2550.69       328.471
CH4 APMV_PC_COLOR_159_SCI1 mc3_0296032491_0x536_sci_9        2457181.6        40.025780        43.163786       46366.4       539.664       2.87988       12.3345       57.6965      -1.01697      0.352229      0.352905       2516.40       323.210
CH4 APMV_PC_COLOR_161_SCI1 mc3_0296204931_0x536_sci_9        2457183.6        287.53798        43.163900       53253.8       543.718       2.80614       12.1841       68.4612     -0.996668      0.349216      0.349420       2531.90       317.884
CH4 APMV_PC_COLOR_163_SCI1 mc3_0296376951_0x536_sci_6        2457185.5        175.31294        43.165698       63537.2       566.167       3.01643       11.9924       73.7966     -0.110959      0.452677      0.454739       2511.99       316.516
CH4 APMV_PC_COLOR_167_SCI2 mc3_0296787411_0x536_sci_6        2457190.3        267.54918        43.161103       84993.9       641.924       3.31311       11.6765       77.3910     0.0570967      0.721102      0.733356       2531.77       313.377
CH4 APMV_PC_COLOR_168_SCI1 mc3_0296826411_0x536_sci_6        2457190.7        242.10650        43.161907       88563.8       600.694       3.30844       11.6319       78.7312      -1.04521      0.385739      0.383678       2496.39       301.085
CH4 APMV_PC_COLOR_169_SCI2 mc3_0296962191_0x536_sci_9        2457192.3        153.52185        43.161989       98207.1       611.011       3.47486       11.5196       80.8407      -2.81670      0.428503      0.430121       2504.39       317.590
CH4 APMV_PC_COLOR_170_SCI1 mc3_0297006951_0x536_sci_9        2457192.8        124.32009        43.160705       96436.5       618.621       3.43518       11.5394       79.4347     -0.963883      0.361843      0.364718       2542.45       326.235
CH4 APMV_PC_COLOR_171_SCI1 mc3_0297067911_0x536_sci_6        2457193.5        84.551262        43.158299       103575.       665.765       3.53853       11.4619       84.3520     -0.133462      0.750946      0.749887       2557.46       317.259
CH4 APMV_PC_COLOR_172_SCI1 mc3_0297172071_0x536_sci_3        2457194.7        16.605790        43.154713       112915.       633.364       3.61109       11.3681       85.6597     -0.964165      0.359158      0.355405       2520.32       320.481
CH4 APMV_PC_COLOR_173_SCI1 mc3_0297239151_0x536_sci_9        2457195.5        332.85029        43.154172       125856.       652.531       3.79740       11.2503       86.6526     -0.235951      0.468662      0.466841       2536.54       320.397
CH4 APMV_PC_COLOR_174_SCI1 mc3_0297334971_0x536_sci_6        2457196.6        270.34522        43.155873       140437.       677.108       3.92074       11.1313       89.7845     -0.944153      0.395606      0.397471       2494.31       306.241
CH4 PEMV_01_PC_VISUV_MAP_B_6 mc3_0297687041_0x536_sci_27        2457200.7        40.661818        43.147404       211524.       840.792       4.48099       10.6866       100.095     -0.704907      0.475947      0.474909       2550.15       297.510
CH4 PEMV_01_PC_VISUV_MAP_B_9 mc3_0297789521_0x536_sci_27        2457201.9        333.81875        43.144650       248752.       1630.22       4.77173       10.5106       103.000      0.434367      0.476267       2.71456       2544.24       334.306
CH4 PEMV_01_PC_VISUV_MAP_B_12 mc3_0297857621_0x536_sci_9        2457202.7        289.39928        43.145571       280027.       914.548       5.02173       10.3820       105.394     -0.573789      0.502938      0.502785       2568.45       336.799
CH4 PEMV_01_PC_VISUV_MAP_B_19 mc3_0298077102_0x536_sci_9        2457205.2        146.21056        43.145246       386454.       1000.39       5.69879       10.0323       111.665     -0.607092      0.491798      0.490435       2516.64       304.237
CH4 PEMV_01_PC_Multi_Map_A_3 mc3_0298165232_0x536_sci_9        2457206.2        88.716483        43.137208       454764.       1732.74       5.94071       9.85554       121.355     -0.610499      0.444484       2.70508       2566.35       299.019
