Filter	Req ID	fn	MET	long	lat	flux	flux err	fwhm	mag	max	skymean	skyerr	skysig	xcen	ycen	power side
Red	APMV_PC_COLOR_099_SCI1	mc0_0290860851_0x536_sci_3	2457121.7	173.85783	43.175089	38894.4	457.626	1.73963	12.5253	155.879	0.788094	0.641857	0.641216	2542.74	412.856	0
Red	APMV_PC_COLOR_102_SCI1	mc0_0291114231_0x536_sci_9	2457124.6	8.5596114	43.173434	39339.3	482.496	2.02429	12.5129	98.7385	-0.264797	0.436675	0.975968	2557.66	422.38	1
Red	APMV_PC_COLOR_103_SCI1	mc0_0291201831_0x536_sci_9	2457125.6	311.41311	43.173624	42347.5	459.495	1.78362	12.4329	146.866	1.12943	0.466118	0.467694	2537.17	409.154	0
Red	APMV_PC_COLOR_103_SCI3	mc0_0291267591_0x536_sci_9	2457126.4	268.51344	43.174101	43203.7	486.697	1.71221	12.4112	165.686	0.0908587	0.962973	0.964591	2514.66	435.791	1
Red	APMV_PC_COLOR_104_SCI1	mc0_0291308091_0x536_sci_9	2457126.9	242.09215	43.174407	45789.3	464.3	2.06691	12.3481	118.908	1.24738	0.500282	0.501799	2542.65	422.451	0
Red	APMV_PC_COLOR_105_SCI1	mc0_0291374031_0x536_sci_9	2457127.6	199.07381	43.174718	46832.6	465.457	1.81936	12.3236	155.4	-0.691602	0.468924	0.469169	2540.17	413.159	1
Red	APMV_PC_COLOR_105_SCI3	mc0_0291440511_0x536_sci_9	2457128.4	155.70292	43.174631	42651.6	466.422	1.8993	12.4252	131.018	0.902496	0.676082	0.675875	2522.38	418.988	0
Red	APMV_PC_COLOR_106_SCI1	mc0_0291481191_0x536_sci_9	2457128.9	129.16383	43.174374	39881.6	451.083	1.91503	12.4981	121.923	0.781237	0.426823	0.426941	2549.39	409.879	1
Red	APMV_PC_COLOR_107_SCI1	mc0_0291547071_0x536_sci_9	2457129.6	86.185175	43.173765	42909.9	462.78	2.11932	12.4186	117.947	0.904554	0.565394	0.562352	2499.6	408.48	0
Red	APMV_PC_COLOR_107_SCI3	mc0_0291608871_0x536_sci_9	2457130.4	45.869007	43.173214	44902.2	458.552	1.83544	12.3693	154.886	-0.996809	0.375003	0.37377	2489.62	415.764	1
Red	APMV_PC_COLOR_108_SCI1	mc0_0291651651_0x536_sci_9	2457130.9	17.961169	43.172977	46221.8	474.463	1.73261	12.3379	177.287	0.673467	0.663746	0.664242	2520.93	418.764	0
Red	APMV_PC_COLOR_110_SCI1	mc0_0291821811_0x536_sci_9	2457132.8	266.95554	43.173666	49062.2	482.659	1.81857	12.2731	168.962	-0.474296	0.579494	0.867248	2508.22	417.066	1
Red	APMV_PC_COLOR_112_SCI1	mc0_0291999771_0x536_sci_9	2457134.9	150.8568	43.174169	49297.5	481.253	1.88019	12.2679	154.982	1.20829	0.728277	0.732512	2511.8	420.233	0
Red	APMV_PC_COLOR_115_SCI1	mc0_0292233831_0x536_sci_6	2457137.6	358.16345	43.172347	53033.8	473.844	1.75625	12.1886	189.978	0.693973	0.00129659	0.461558	2525.09	417.118	
Red	APMV_PC_COLOR_117_SCI1	mc0_0292406151_0x536_sci_6	2457139.6	245.74814	43.173433	61632	490.92	1.97753	12.0255	175.846	0.93018	0.487876	0.485475	2559.99	418.588	0
Red	APMV_PC_COLOR_118_SCI1	mc0_0292546431_0x536_sci_6	2457141.2	154.23088	43.173711	58152.3	481.892	1.80079	12.0886	191.796	-1.07039	0.371826	0.367347	2531.05	431.192	1
Red	APMV_PC_COLOR_121_SCI1	mc0_0292750971_0x536_sci_9	2457143.6	20.794864	43.171783	63721.4	504.152	1.9873	11.9893	166.837	0.90511	0.644806	0.648081	2533.51	429.178	0
Red	APMV_PC_COLOR_123_SCI1	mc0_0292922721_0x536_sci_6	2457145.6	268.7525	43.172517	68538.6	524.997	1.88288	11.9102	216.427	-0.375679	0.538349	0.89867	2558.21	409.158	1
Red	APMV_PC_COLOR_125_SCI1	mc0_0293095431_0x536_sci_6	2457147.6	156.0785	43.173162	69019.2	505.051	1.79971	11.9026	229.737	0.884251	0.539175	0.536692	2526.77	422.081	0
Red	APMV_PC_COLOR_128_SCI1	mc0_0293372991_0x536_sci_12	2457150.8	335.00792	43.17096	76080.2	512.167	1.76771	11.7968	264.697	-1.04055	0.361419	0.361596	2526.9	411.889	1
Red	APMV_PC_COLOR_129_SCI1	mc0_0293447151_0x536_sci_27	2457151.6	286.62913	43.171514	82591.2	532.983	2.34943	11.7077	158.938	1.04885	0.686686	0.685497	2502.45	413.405	0
Red	APMV_PC_COLOR_129_SCI3	mc0_0293507751_0x536_sci_27	2457152.3	247.0953	43.172146	85583.6	541.021	1.94152	11.669	243.742	-0.400266	0.547437	0.891781	2543.97	430.625	1
Red	APMV_PC_COLOR_130_SCI1	mc0_0293545311_0x536_sci_12	2457152.8	222.59168	43.172461	89415.2	543.076	1.90116	11.6215	261.835	1.02839	0.684923	0.680847	2550.22	410.807	0
Red	APMV_PC_COLOR_131_SCI1	mc0_0293609391_0x536_sci_12	2457153.5	180.78625	43.172645	87225.2	553.309	1.9592	11.6484	249.929	-0.0713512	0.894728	0.894846	2553.75	417.166	1
Red	APMV_PC_COLOR_131_SCI3	mc0_0293679471_0x536_sci_27	2457154.3	135.06646	43.172212	82058.4	524.011	1.8507	11.7147	258.941	0.721847	0.47526	0.474818	2507.98	411.983	0
Red	APMV_PC_COLOR_132_SCI1	mc0_0293722551_0x536_sci_12	2457154.8	106.96174	43.171683	79729	540.774	1.97864	11.746	232.497	-0.0649479	0.911757	0.910619	2561.95	428.683	1
Red	APMV_PC_COLOR_133_SCI1	mc0_0293790651_0x536_sci_32	2457155.6	62.535408	43.170735	86925.9	536.458	2.10766	11.6521	203.872	0.627666	0.622302	0.626175	2549.7	415.394	0
Red	APMV_PC_COLOR_133_SCI3	mc0_0293851401_0x536_sci_21	2457156.3	22.904975	43.170121	89831.3	551.138	1.88144	11.6164	282.955	-0.437479	0.558152	0.87976	2533.11	412.895	1
Red	APMV_PC_COLOR_134_SCI1	mc0_0293873631_0x536_sci_9	2457156.6	8.4033129	43.170009	93713.1	543.692	2.06577	11.5705	244.733	0.889327	0.512197	0.511947	2536.38	420.958	0
Red	APMV_PC_COLOR_134_SCI2	mc0_0293938611_0x536_sci_9	2457157.3	326.01383	43.170092	93486.4	555.923	2.1616	11.5731	229.973	-0.364496	0.523161	0.90893	2524.89	430.481	1
Red	APMV_PC_COLOR_149_SCI2	mc0_0295205391_0x536_sci_9	2457172	219.60416	43.16946	173992	673	2.24608	10.8987	368.577	-0.297331	0.483182	1.00653	2540.25	426.786	0
Red	APMV_PC_COLOR_149_SCI3	mc0_0295230351_0x536_sci_9	2457172.3	203.32027	43.169614	179140	729.1	2.34559	10.867	354.925	0.931632	0.638851	0.636011	2541.54	415.706	0
Red	APMV_PC_COLOR_150_SCI1	mc0_0295270911_0x536_sci_9	2457172.7	176.85876	43.169617	175606	715.261	2.3915	10.8887	317.771	0.627468	0.492587	0.488927	2540.62	434.39	0
Red	APMV_PC_COLOR_151_SCI1	mc0_0295341171_0x536_sci_9	2457173.6	131.02109	43.168867	165532	696.96	2.12396	10.9528	396.015	-0.964804	0.396765	0.396198	2503.05	435.766	1
Red	APMV_PC_COLOR_151_SCI3	mc0_0295403751_0x536_sci_9	2457174.3	90.195039	43.167632	172811	712.46	2.34018	10.9061	340.611	-0.667339	0.480789	0.48032	2526.8	410.467	1
Red	APMV_PC_COLOR_152_SCI1	mc0_0295444491_0x536_sci_9	2457174.8	63.617859	43.166779	182371	726.308	2.34767	10.8476	356.448	0.716744	0.47944	0.474951	2511.43	422.151	0
Red	APMV_PC_COLOR_153_SCI1	mc0_0295514391_0x536_sci_9	2457175.6	18.019195	43.16572	195859	740.322	2.23424	10.7701	400.327	-1.02354	0.400118	0.398751	2505.76	427.968	1
Red	APMV_PC_COLOR_153_SCI3	mc0_0295574631_0x536_sci_9	2457176.3	338.72274	43.165548	202235	748.741	2.36572	10.7354	373.31	1.60976	0.503375	0.495286	2550.61	411.782	0
Red	APMV_PC_COLOR_154_SCI1	mc0_0295611591_0x536_sci_9	2457176.7	314.61237	43.165807	207302	751.615	2.32684	10.7085	397.725	1.25941	0.520755	0.523231	2488.68	431.805	0
Red	APMV_PC_COLOR_157_SCI1	mc0_0295859091_0x536_sci_9	2457179.6	153.14699	43.167642	221838	768.521	2.55872	10.6349	342.072	0.63307	0.484661	0.485154	2552.42	430.269	1
Red	APMV_PC_COLOR_159_SCI1	mc0_0296032491_0x536_sci_9	2457181.6	40.02578	43.163786	258187	839.747	2.4562	10.4702	426.796	0.109428	0.41444	0.974549	2516.61	424.938	1
Red	APMV_PC_COLOR_161_SCI1	mc0_0296204931_0x536_sci_9	2457183.6	287.53798	43.1639	299309	865.506	2.63262	10.3097	439.53	0.115406	0.411664	0.972711	2531.69	419.667	1
Red	APMV_PC_COLOR_163_SCI1	mc0_0296376951_0x536_sci_6	2457185.5	175.31294	43.165698	343246	896.971	2.67481	10.161	462.285	1.01931	0.643997	0.641335	2511.14	418.212	0
Red	APMV_PC_COLOR_167_SCI2	mc0_0296787411_0x536_sci_6	2457190.3	267.54918	43.161103	478388	1034.19	3.03784	9.80055	493.475	0.784836	0.702733	0.707878	2531.74	415.085	0
Red	APMV_PC_COLOR_168_SCI1	mc0_0296826411_0x536_sci_6	2457190.7	242.1065	43.161907	501909	1050.08	3.05967	9.74844	507.746	-0.264333	0.473573	0.990944	2497.94	402.841	1
Red	APMV_PC_COLOR_169_SCI2	mc0_0296962191_0x536_sci_9	2457192.3	153.52185	43.161989	523123	1043.66	3.25605	9.70349	535.791	1.1245	0.475418	0.47555	2502.34	419.399	0
Red	APMV_PC_COLOR_170_SCI1	mc0_0297006951_0x536_sci_9	2457192.8	124.32009	43.160705	512335	1079.44	3.11848	9.72611	499.895	0.213029	0.862771	0.863524	2542.8	428.236	1
Red	APMV_PC_COLOR_171_SCI1	mc0_0297067911_0x536_sci_6	2457193.5	84.551262	43.158299	554994	1092.86	3.13248	9.63928	563.508	1.03926	0.722656	0.721071	2560.1	419.001	0
Red	APMV_PC_COLOR_172_SCI1	mc0_0297172071_0x536_sci_3	2457194.7	16.60579	43.154713	639689	1155.12	3.38869	9.48508	537.293	0.0994707	0.969447	0.969018	2519.95	422.253	1
Red	APMV_PC_COLOR_173_SCI1	mc0_0297239151_0x536_sci_9	2457195.5	332.85029	43.154172	697518	1183.99	3.55732	9.39111	537.511	0.850115	0.629585	0.632873	2536.76	422.21	0
Red	APMV_PC_COLOR_174_SCI1	mc0_0297334971_0x536_sci_6	2457196.6	270.34522	43.155873	789504	1288.6	3.6515	9.25661	546.52	-0.128332	0.458517	0.996109	2493.14	407.943	1
Red	PEMV_01_PC_VISUV_MAP_B	_6 mc0_0297687041_0x536_sci_27	2457200.7	40.661818	43.147404	1.11E+06	1485.75	4.32239	8.8846	6       571.08	3       1.8580	3      0.395331	0.393493	2550.3	1       399.194	1
Red	PEMV_01_PC_VISUV_MAP_B	_9 mc0_0297789521_0x536_sci_27	2457201.9	333.81875	43.14465	1.32E+06	1608.48	4.64577	8.6967	6       565.84	1     0.088386	0      0.524273	0.521162	2543	1       435.816	0
Red	PEMV_01_PC_VISUV_MAP_B	_12 mc0_0297857621_0x536_sci_9	2457202.7	289.39928	43.145571	1.49E+06	1697.44	4.8878	8.5682	4       589.15	1     -0.72396	7      0.495112	0.486197	2570.3	8       438.526	1
Red	PEMV_01_PC_VISUV_MAP_B	_19 mc0_0298077102_0x536_sci_9	2457205.2	146.21056	43.145246	2.04E+06	1987.43	5.42445	8.2278	0       637.79	1      0.40857	7      0.950770	0.951655	2515	6       405.954	1
Red	PEMV_01_PC_Multi_Map_A	_3 mc0_0298165232_0x536_sci_9	2457206.2	88.716483	43.137208	2.35E+06	2086.48	5.81729	8.07242	645.392	1.36956	0.532793	0.586786	2568.2	400.903	0