SC Range/CALIB_CHARON_BLUE_FLUX/CALIB_CHARON_CH4_FLUX/CALIB_CHARON_NIR_FLUX/CALIB_CHARON_RED_FLUX
   1.1468086e+08    1.5227920e-12    5.8142361e-13    6.2960297e-13    1.2097085e-12
   1.1119103e+08    1.1789254e-12    8.0376348e-13    6.2348329e-13    9.9875420e-13
   1.0998290e+08    1.2660648e-12    6.1664600e-13    6.7790186e-13    1.0716292e-12
   1.0907530e+08    1.2823073e-12    6.8536245e-13    5.5480640e-13    1.1944220e-12
   1.0851631e+08    1.6104759e-12    6.9950966e-13    6.3718273e-13    1.1456647e-12
   1.0760659e+08    1.8051383e-12    5.5723825e-13    6.7858661e-13    1.2868427e-12
   1.0669024e+08    1.1913742e-12    6.1275259e-13    7.1544563e-13    1.2225880e-12
   1.0612990e+08    1.3169648e-12    6.3684971e-13    7.1005346e-13    1.1629325e-12
   1.0522283e+08    1.6945997e-12    3.8163749e-13    7.2905521e-13    1.2313927e-12
   1.0437188e+08    1.2643001e-12    6.5686553e-13    7.3294612e-13    1.2271899e-12
   1.0378253e+08    1.3890424e-12    5.8811925e-13    7.4232468e-13    1.2854687e-12
   1.0143523e+08    1.5689402e-12    7.7320735e-13    6.8281514e-13    1.2249417e-12
       98980823.    1.6219091e-12    6.3639914e-13    8.5899644e-13    1.4932594e-12
       95757192.    2.0021526e-12    9.8276985e-13    7.7245477e-13    1.3752175e-12
       93379527.    1.9522765e-12    9.0096766e-13    8.9827949e-13    1.5913266e-12
       91445064.    1.8245409e-12    1.0426158e-12    8.1742256e-13    1.6765626e-12
       88628349.    2.1528938e-12    1.0140039e-12    9.3542472e-13    1.6097158e-12
       86259246.    1.4802280e-12    9.6530995e-13    9.3026578e-13    1.6796537e-12
       83877130.    2.2535734e-12    1.1605330e-12    1.2025624e-12    2.0324085e-12
       80053815.    2.1167575e-12    1.3383219e-12    1.1101645e-12    2.0833516e-12
       79030546.    2.6706581e-12    1.1037426e-12    1.2647666e-12    2.2551941e-12
       78194137.    2.4062335e-12    1.5188103e-12    1.1006566e-12    2.2028914e-12
       77675851.    2.5868019e-12    1.2698648e-12    1.2837663e-12    2.3574788e-12
       76792139.    3.0164455e-12    1.5046393e-12    1.1636350e-12    2.2286758e-12
       75826588.    2.4609227e-12    1.4527895e-12    1.3692372e-12    2.4026396e-12
       75233400.    2.4279986e-12    1.5294986e-12    1.2105788e-12    2.3232584e-12
       74295830.    2.6251580e-12    1.4905373e-12    1.3829848e-12    2.2739305e-12
       73459104.    2.2490939e-12    1.2936754e-12    1.2892264e-12    2.3292643e-12
       73152766.    3.0900283e-12    1.6662165e-12    1.4460613e-12    2.4348864e-12
       72256757.    2.3898791e-12    1.6382402e-12    1.3632663e-12    2.6446096e-12
       54792185.    4.5064530e-12    2.6734009e-12    2.7451269e-12    4.3728775e-12
       54447902.    5.0343810e-12    2.9522784e-12    2.9430519e-12    4.7430430e-12
       53888696.    5.2824230e-12    2.2784222e-12    2.9370000e-12    4.8404870e-12
       52920757.    4.9218933e-12    2.7922199e-12    2.7378047e-12    4.7303449e-12
       52059150.    5.0926552e-12    3.0908724e-12    3.0521964e-12    5.0247824e-12
       51498263.    5.9899323e-12    2.5644996e-12    2.9627260e-12    4.9003313e-12
       50535492.    6.4012690e-12    2.2263614e-12    3.1406434e-12    5.0749033e-12
       49705057.    5.5768537e-12    3.1045015e-12    3.2220763e-12    5.2113792e-12
       49195211.    6.3812145e-12    3.2225827e-12    3.3919758e-12    5.3977221e-12
       45781120.    6.7776093e-12    3.9201736e-12    4.0413859e-12    6.2198448e-12
       43393490.    7.6996944e-12    4.0388727e-12    4.1361929e-12    6.8844891e-12
       41015715.    9.2823939e-12    4.6057695e-12    4.8071048e-12    7.8921794e-12
       38642530.    1.0268216e-11    5.6208699e-12    5.4769378e-12    9.6142559e-12
       32986138.    1.4007367e-11    7.4055485e-12    7.5019440e-12    1.2566991e-11
       32447909.    1.4846030e-11    7.0581165e-12    7.2358419e-12    1.3326773e-11
       30575721.    1.6547363e-11    8.6916221e-12    8.9932153e-12    1.4824647e-11
       29959286.    1.5885352e-11    8.8467082e-12    8.2863777e-12    1.5015109e-11
       29120053.    1.7218786e-11    8.9094493e-12    9.4483919e-12    1.5865675e-11
       27685641.    1.8441152e-11    9.9904490e-12    9.3627270e-12    1.7013233e-11
       26760882.    2.0481062e-11    1.1058567e-11    1.1095608e-11    1.8665962e-11
       25438713.    2.3407753e-11    1.2078906e-11    1.1773433e-11    2.0938026e-11
       20587098.    3.2150020e-11    1.9127754e-11    1.7806209e-11    3.0040651e-11
       19174697.    3.9347168e-11    2.3352283e-11    2.2449485e-11    3.5749966e-11
       18235118.    4.5102504e-11    2.4687021e-11    2.3452290e-11    4.0663096e-11
       15208055.    6.5382155e-11    3.5319697e-11    3.2347542e-11    5.8676231e-11
       13994619.    7.4500428e-11    4.2491179e-11    4.2431577e-11    6.8538108e-11
